## Tests to Perform ##
1. Do I ever hit 1507
2. Check all lookups of 32775, which ones are hit
3. What stops the 2125 loop from counting up?

5445 -> _
Push                32768
Push                32769
Push                32770
JumpFrom            32775 5605   <- Presumably this almost always hits


5605 -> _
Push                32768
Push                32769
Push                32770
Set                 32768 29545
Set                 32769 1531
Add                 32770 2493 14658
Call                1458


1458 -> _
Push                32768
Push                32771
Push                32772
Push                32774
Set                 32774 32768
Set                 32773 32769
RMem                32772 32768
Set                 32769 0
Add                 32771 1 32769
GT                  32768 32771 32772
JT                  32768 1507
Add                 32771 32771 32774
RMem                32768 32771
Call                32773 <- next is 1500


2708,5445,3,10,101,0,0,0]
[2708,5445,3,10,101,0,0,0]
[2708,5445,3,10,101,0,0,0]
"Inst"
5605
"Registers"
[2708,5445,3,10,101,0,0,0]
"Stack"
[3,5445,2708,3599,3568,25978,2952,1,6124,16,6080]
"Inst"
5607
"Registers"
[2708,5445,3,10,101,0,0,0]
"Stack"
[2708,3,5445,2708,3599,3568,25978,2952,1,6124,16,6080]
"Inst"
5609
"Registers"
[2708,5445,3,10,101,0,0,0]
"Stack"
[5445,2708,3,5445,2708,3599,3568,25978,2952,1,6124,16,6080]
"Inst"
5611
"Registers"
[2708,5445,3,10,101,0,0,0]
"Stack"
[3,5445,2708,3,5445,2708,3599,3568,25978,2952,1,6124,16,6080]
"Inst"
5614
"Registers"
[29545,5445,3,10,101,0,0,0]
"Stack"
[3,5445,2708,3,5445,2708,3599,3568,25978,2952,1,6124,16,6080]
"Inst"
5617
"Registers"
[29545,1531,3,10,101,0,0,0]
"Stack"
[3,5445,2708,3,5445,2708,3599,3568,25978,2952,1,6124,16,6080]
"Inst"
5621
"Registers"
[29545,1531,17151,10,101,0,0,0]
"Stack"
[3,5445,2708,3,5445,2708,3599,3568,25978,2952,1,6124,16,6080]
"Inst"
1458
"Registers"
[29545,1531,17151,10,101,0,0,0]
"Stack"
[5623,3,5445,2708,3,5445,2708,3599,3568,25978,2952,1,6124,16,6080]
"Inst"
1460
"Registers"
[29545,1531,17151,10,101,0,0,0]
"Stack"
[29545,5623,3,5445,2708,3,5445,2708,3599,3568,25978,2952,1,6124,16,6080]
"Inst"
1462
"Registers"
[29545,1531,17151,10,101,0,0,0]
"Stack"
[10,29545,5623,3,5445,2708,3,5445,2708,3599,3568,25978,2952,1,6124,16,6080]
"Inst"
1464
"Registers"
[29545,1531,17151,10,101,0,0,0]
"Stack"
[101,10,29545,5623,3,5445,2708,3,5445,2708,3599,3568,25978,2952,1,6124,16,6080]
"Inst"
1466
"Registers"
[29545,1531,17151,10,101,0,0,0]
"Stack"
[0,101,10,29545,5623,3,5445,2708,3,5445,2708,3599,3568,25978,2952,1,6124,16,6080]
"Inst"
1468
"Registers"
[29545,1531,17151,10,101,0,0,0]
"Stack"
[0,0,101,10,29545,5623,3,5445,2708,3,5445,2708,3599,3568,25978,2952,1,6124,16,6080]
"Inst"
1471
"Registers"
[29545,1531,17151,10,101,0,29545,0]
"Stack"
[0,0,101,10,29545,5623,3,5445,2708,3,5445,2708,3599,3568,25978,2952,1,6124,16,6080]
"Inst"
1474
"Registers"
[29545,1531,17151,10,101,1531,29545,0]
"Stack"
[0,0,101,10,29545,5623,3,5445,2708,3,5445,2708,3599,3568,25978,2952,1,6124,16,6080]
"Inst"
1477
"Registers"
[29545,1531,17151,10,117,1531,29545,0]
"Stack"
[0,0,101,10,29545,5623,3,5445,2708,3,5445,2708,3599,3568,25978,2952,1,6124,16,6080]
"Inst"
1480
"Registers"
[29545,0,17151,10,117,1531,29545,0]
"Stack"
[0,0,101,10,29545,5623,3,5445,2708,3,5445,2708,3599,3568,25978,2952,1,6124,16,6080]
"Inst"
1484
"Registers"
[29545,0,17151,1,117,1531,29545,0]
"Stack"
[0,0,101,10,29545,5623,3,5445,2708,3,5445,2708,3599,3568,25978,2952,1,6124,16,6080]
"Inst"
1488
"Registers"
[0,0,17151,1,117,1531,29545,0]
"Stack"
[0,0,101,10,29545,5623,3,5445,2708,3,5445,2708,3599,3568,25978,2952,1,6124,16,6080]
"Inst"
1491
"Registers"
[0,0,17151,1,117,1531,29545,0]
"Stack"
[0,0,101,10,29545,5623,3,5445,2708,3,5445,2708,3599,3568,25978,2952,1,6124,16,6080]
"Inst"
1495
"Registers"
[0,0,17151,29546,117,1531,29545,0]
"Stack"
[0,0,101,10,29545,5623,3,5445,2708,3,5445,2708,3599,3568,25978,2952,1,6124,16,6080]
"Inst"
1498
"Registers"
[17062,0,17151,29546,117,1531,29545,0]
"Stack"
[0,0,101,10,29545,5623,3,5445,2708,3,5445,2708,3599,3568,25978,2952,1,6124,16,6080]
"Inst"
1531
"Registers"
[17062,0,17151,29546,117,1531,29545,0]
"Stack"
[1500,0,0,101,10,29545,5623,3,5445,2708,3,5445,2708,3599,3568,25978,2952,1,6124,16,6080]
"Inst"
1533
"Registers"
[17062,0,17151,29546,117,1531,29545,0]
"Stack"
[0,1500,0,0,101,10,29545,5623,3,5445,2708,3,5445,2708,3599,3568,25978,2952,1,6124,16,6080]
"Inst"
1536
"Registers"
[17062,17151,17151,29546,117,1531,29545,0]
"Stack"
[0,1500,0,0,101,10,29545,5623,3,5445,2708,3,5445,2708,3599,3568,25978,2952,1,6124,16,6080]
"Inst"
2125
"Registers"
[17062,17151,17151,29546,117,1531,29545,0]
"Stack"
[1538,0,1500,0,0,101,10,29545,5623,3,5445,2708,3,5445,2708,3599,3568,25978,2952,1,6124,16,6080]
"Inst"
2127
"Registers"
[17062,17151,17151,29546,117,1531,29545,0]
"Stack"
[17151,1538,0,1500,0,0,101,10,29545,5623,3,5445,2708,3,5445,2708,3599,3568,25978,2952,1,6124,16,6080]
"Inst"
2129
"Registers"
[17062,17151,17151,29546,117,1531,29545,0]
"Stack"
[17151,17151,1538,0,1500,0,0,101,10,29545,5623,3,5445,2708,3,5445,2708,3599,3568,25978,2952,1,6124,16,6080]
"Inst"
2133
"Registers"
[17062,17151,17062,29546,117,1531,29545,0]
"Stack"
[17151,17151,1538,0,1500,0,0,101,10,29545,5623,3,5445,2708,3,5445,2708,3599,3568,25978,2952,1,6124,16,6080]
"Inst"
2136
"Registers"
[17062,17151,15705,29546,117,1531,29545,0]
"Stack"
[17151,17151,1538,0,1500,0,0,101,10,29545,5623,3,5445,2708,3,5445,2708,3599,3568,25978,2952,1,6124,16,6080]
"Inst"
2140
"Registers"
[17151,17151,15705,29546,117,1531,29545,0]
"Stack"
[17151,17151,1538,0,1500,0,0,101,10,29545,5623,3,5445,2708,3,5445,2708,3599,3568,25978,2952,1,6124,16,6080]
"Inst"
2144
"Registers"
[89,17151,15705,29546,117,1531,29545,0]
"Stack"
[17151,17151,1538,0,1500,0,0,101,10,29545,5623,3,5445,2708,3,5445,2708,3599,3568,25978,2952,1,6124,16,6080]
"Inst"
2146
"Registers"
[89,17151,17151,29546,117,1531,29545,0]
"Stack"
[17151,1538,0,1500,0,0,101,10,29545,5623,3,5445,2708,3,5445,2708,3599,3568,25978,2952,1,6124,16,6080]
"Inst"
2148
"Registers"
[89,17151,17151,29546,117,1531,29545,0]
"Stack"
[1538,0,1500,0,0,101,10,29545,5623,3,5445,2708,3,5445,2708,3599,3568,25978,2952,1,6124,16,6080]
"Inst"
1538
"Registers"
[89,17151,17151,29546,117,1531,29545,0]
"Stack"
[0,1500,0,0,101,10,29545,5623,3,5445,2708,3,5445,2708,3599,3568,25978,2952,1,6124,16,6080]
Y"Inst"
1542
"Registers"
[89,0,17151,29546,117,1531,29545,0]
"Stack"
[1500,0,0,101,10,29545,5623,3,5445,2708,3,5445,2708,3599,3568,25978,2952,1,6124,16,6080]
"Inst"
1500
"Registers"
[89,0,17151,29546,117,1531,29545,0]
"Stack"
[0,0,101,10,29545,5623,3,5445,2708,3,5445,2708,3599,3568,25978,2952,1,6124,16,6080]
"Inst"
1504
"Registers"
[89,1,17151,29546,117,1531,29545,0]
"Stack"
[0,0,101,10,29545,5623,3,5445,2708,3,5445,2708,3599,3568,25978,2952,1,6124,16,6080]
"Inst"
1480
"Registers"
[89,1,17151,29546,117,1531,29545,0]
"Stack"
[0,0,101,10,29545,5623,3,5445,2708,3,5445,2708,3599,3568,25978,2952,1,6124,16,6080]
"Inst"
1484
"Registers"
[89,1,17151,2,117,1531,29545,0]
"Stack"
[0,0,101,10,29545,5623,3,5445,2708,3,5445,2708,3599,3568,25978,2952,1,6124,16,6080]
"Inst"
1488
"Registers"
[0,1,17151,2,117,1531,29545,0]
"Stack"
[0,0,101,10,29545,5623,3,5445,2708,3,5445,2708,3599,3568,25978,2952,1,6124,16,6080]
"Inst"
1491
"Registers"
[0,1,17151,2,117,1531,29545,0]
"Stack"
[0,0,101,10,29545,5623,3,5445,2708,3,5445,2708,3599,3568,25978,2952,1,6124,16,6080]
"Inst"
1495
"Registers"
[0,1,17151,29547,117,1531,29545,0]
"Stack"
[0,0,101,10,29545,5623,3,5445,2708,3,5445,2708,3599,3568,25978,2952,1,6124,16,6080]
"Inst"
1498
"Registers"
[17040,1,17151,29547,117,1531,29545,0]
"Stack"
[0,0,101,10,29545,5623,3,5445,2708,3,5445,2708,3599,3568,25978,2952,1,6124,16,6080]
"Inst"
1531
"Registers"
[17040,1,17151,29547,117,1531,29545,0]
"Stack"
[1500,0,0,101,10,29545,5623,3,5445,2708,3,5445,2708,3599,3568,25978,2952,1,6124,16,6080]
"Inst"
1533
"Registers"
[17040,1,17151,29547,117,1531,29545,0]
"Stack"
[1,1500,0,0,101,10,29545,5623,3,5445,2708,3,5445,2708,3599,3568,25978,2952,1,6124,16,6080]
"Inst"
1536
"Registers"
[17040,17151,17151,29547,117,1531,29545,0]
"Stack"
[1,1500,0,0,101,10,29545,5623,3,5445,2708,3,5445,2708,3599,3568,25978,2952,1,6124,16,6080]
"Inst"
2125
"Registers"
[17040,17151,17151,29547,117,1531,29545,0]
"Stack"
[1538,1,1500,0,0,101,10,29545,5623,3,5445,2708,3,5445,2708,3599,3568,25978,2952,1,6124,16,6080]
"Inst"
2127
"Registers"
[17040,17151,17151,29547,117,1531,29545,0]
"Stack"
[17151,1538,1,1500,0,0,101,10,29545,5623,3,5445,2708,3,5445,2708,3599,3568,25978,2952,1,6124,16,6080]
"Inst"
2129
"Registers"
[17040,17151,17151,29547,117,1531,29545,0]
"Stack"
[17151,17151,1538,1,1500,0,0,101,10,29545,5623,3,5445,2708,3,5445,2708,3599,3568,25978,2952,1,6124,16,6080]
"Inst"
2133
"Registers"
[17040,17151,17040,29547,117,1531,29545,0]
"Stack"
[17151,17151,1538,1,1500,0,0,101,10,29545,5623,3,5445,2708,3,5445,2708,3599,3568,25978,2952,1,6124,16,6080]
"Inst"
2136
"Registers"
[17040,17151,15727,29547,117,1531,29545,0]
"Stack"
[17151,17151,1538,1,1500,0,0,101,10,29545,5623,3,5445,2708,3,5445,2708,3599,3568,25978,2952,1,6124,16,6080]
"Inst"
2140
"Registers"
[17151,17151,15727,29547,117,1531,29545,0]
"Stack"
[17151,17151,1538,1,1500,0,0,101,10,29545,5623,3,5445,2708,3,5445,2708,3599,3568,25978,2952,1,6124,16,6080]
"Inst"
2144
"Registers"
[111,17151,15727,29547,117,1531,29545,0]
"Stack"
[17151,17151,1538,1,1500,0,0,101,10,29545,5623,3,5445,2708,3,5445,2708,3599,3568,25978,2952,1,6124,16,6080]
"Inst"
2146
"Registers"
[111,17151,17151,29547,117,1531,29545,0]
"Stack"
[17151,1538,1,1500,0,0,101,10,29545,5623,3,5445,2708,3,5445,2708,3599,3568,25978,2952,1,6124,16,6080]
"Inst"
2148
"Registers"
[111,17151,17151,29547,117,1531,29545,0]
"Stack"
[1538,1,1500,0,0,101,10,29545,5623,3,5445,2708,3,5445,2708,3599,3568,25978,2952,1,6124,16,6080]
"Inst"
1538
"Registers"
[111,17151,17151,29547,117,1531,29545,0]
"Stack"
[1,1500,0,0,101,10,29545,5623,3,5445,2708,3,5445,2708,3599,3568,25978,2952,1,6124,16,6080]
o"Inst"
1542
"Registers"
[111,1,17151,29547,117,1531,29545,0]
"Stack"
[1500,0,0,101,10,29545,5623,3,5445,2708,3,5445,2708,3599,3568,25978,2952,1,6124,16,6080]
"Inst"
1500
"Registers"
[111,1,17151,29547,117,1531,29545,0]
"Stack"
[0,0,101,10,29545,5623,3,5445,2708,3,5445,2708,3599,3568,25978,2952,1,6124,16,6080]
"Inst"
1504
"Registers"
[111,2,17151,29547,117,1531,29545,0]
"Stack"
[0,0,101,10,29545,5623,3,5445,2708,3,5445,2708,3599,3568,25978,2952,1,6124,16,6080]
"Inst"
1480
"Registers"
[111,2,17151,29547,117,1531,29545,0]
"Stack"
[0,0,101,10,29545,5623,3,5445,2708,3,5445,2708,3599,3568,25978,2952,1,6124,16,6080]
"Inst"
1484
"Registers"
[111,2,17151,3,117,1531,29545,0]
"Stack"
[0,0,101,10,29545,5623,3,5445,2708,3,5445,2708,3599,3568,25978,2952,1,6124,16,6080]
"Inst"
1488
"Registers"
[0,2,17151,3,117,1531,29545,0]
"Stack"
[0,0,101,10,29545,5623,3,5445,2708,3,5445,2708,3599,3568,25978,2952,1,6124,16,6080]
"Inst"
1491
"Registers"
[0,2,17151,3,117,1531,29545,0]
"Stack"
[0,0,101,10,29545,5623,3,5445,2708,3,5445,2708,3599,3568,25978,2952,1,6124,16,6080]
"Inst"
1495
"Registers"
[0,2,17151,29548,117,1531,29545,0]
"Stack"
[0,0,101,10,29545,5623,3,5445,2708,3,5445,2708,3599,3568,25978,2952,1,6124,16,6080]
"Inst"
1498
"Registers"
[17034,2,17151,29548,117,1531,29545,0]
"Stack"
[0,0,101,10,29545,5623,3,5445,2708,3,5445,2708,3599,3568,25978,2952,1,6124,16,6080]
"Inst"
1531
"Registers"
[17034,2,17151,29548,117,1531,29545,0]
"Stack"
[1500,0,0,101,10,29545,5623,3,5445,2708,3,5445,2708,3599,3568,25978,2952,1,6124,16,6080]
"Inst"
1533
"Registers"
[17034,2,17151,29548,117,1531,29545,0]
"Stack"
[2,1500,0,0,101,10,29545,5623,3,5445,2708,3,5445,2708,3599,3568,25978,2952,1,6124,16,6080]
"Inst"
1536
"Registers"
[17034,17151,17151,29548,117,1531,29545,0]
"Stack"
[2,1500,0,0,101,10,29545,5623,3,5445,2708,3,5445,2708,3599,3568,25978,2952,1,6124,16,6080]
"Inst"
2125
"Registers"
[17034,17151,17151,29548,117,1531,29545,0]
"Stack"
[1538,2,1500,0,0,101,10,29545,5623,3,5445,2708,3,5445,2708,3599,3568,25978,2952,1,6124,16,6080]
"Inst"
2127
"Registers"
[17034,17151,17151,29548,117,1531,29545,0]
"Stack"
[17151,1538,2,1500,0,0,101,10,29545,5623,3,5445,2708,3,5445,2708,3599,3568,25978,2952,1,6124,16,6080]
"Inst"
2129
"Registers"
[17034,17151,17151,29548,117,1531,29545,0]
"Stack"
[17151,17151,1538,2,1500,0,0,101,10,29545,5623,3,5445,2708,3,5445,2708,3599,3568,25978,2952,1,6124,16,6080]
"Inst"
2133
"Registers"
[17034,17151,17034,29548,117,1531,29545,0]
"Stack"
[17151,17151,1538,2,1500,0,0,101,10,29545,5623,3,5445,2708,3,5445,2708,3599,3568,25978,2952,1,6124,16,6080]
"Inst"
2136
"Registers"
[17034,17151,15733,29548,117,1531,29545,0]
"Stack"
[17151,17151,1538,2,1500,0,0,101,10,29545,5623,3,5445,2708,3,5445,2708,3599,3568,25978,2952,1,6124,16,6080]
"Inst"
2140
"Registers"
[17151,17151,15733,29548,117,1531,29545,0]
"Stack"
[17151,17151,1538,2,1500,0,0,101,10,29545,5623,3,5445,2708,3,5445,2708,3599,3568,25978,2952,1,6124,16,6080]
"Inst"
2144
"Registers"
[117,17151,15733,29548,117,1531,29545,0]
"Stack"
[17151,17151,1538,2,1500,0,0,101,10,29545,5623,3,5445,2708,3,5445,2708,3599,3568,25978,2952,1,6124,16,6080]
"Inst"
2146
"Registers"
[117,17151,17151,29548,117,1531,29545,0]
"Stack"
[17151,1538,2,1500,0,0,101,10,29545,5623,3,5445,2708,3,5445,2708,3599,3568,25978,2952,1,6124,16,6080]
"Inst"
2148
"Registers"
[117,17151,17151,29548,117,1531,29545,0]
"Stack"
[1538,2,1500,0,0,101,10,29545,5623,3,5445,2708,3,5445,2708,3599,3568,25978,2952,1,6124,16,6080]
"Inst"
1538
"Registers"
[117,17151,17151,29548,117,1531,29545,0]
"Stack"
[2,1500,0,0,101,10,29545,5623,3,5445,2708,3,5445,2708,3599,3568,25978,2952,1,6124,16,6080]
u"Inst"
1542
"Registers"
[117,2,17151,29548,117,1531,29545,0]
"Stack"
[1500,0,0,101,10,29545,5623,3,5445,2708,3,5445,2708,3599,3568,25978,2952,1,6124,16,6080]
"Inst"
1500
"Registers"
[117,2,17151,29548,117,1531,29545,0]
"Stack"
[0,0,101,10,29545,5623,3,5445,2708,3,5445,2708,3599,3568,25978,2952,1,6124,16,6080]
"Inst"
1504
"Registers"
[117,3,17151,29548,117,1531,29545,0]
"Stack"
[0,0,101,10,29545,5623,3,5445,2708,3,5445,2708,3599,3568,25978,2952,1,6124,16,6080]
"Inst"
1480
"Registers"
[117,3,17151,29548,117,1531,29545,0]
"Stack"
[0,0,101,10,29545,5623,3,5445,2708,3,5445,2708,3599,3568,25978,2952,1,6124,16,6080]
"Inst"
1484
"Registers"
[117,3,17151,4,117,1531,29545,0]
"Stack"
[0,0,101,10,29545,5623,3,5445,2708,3,5445,2708,3599,3568,25978,2952,1,6124,16,6080]
"Inst"
1488
"Registers"
[0,3,17151,4,117,1531,29545,0]
"Stack"
[0,0,101,10,29545,5623,3,5445,2708,3,5445,2708,3599,3568,25978,2952,1,6124,16,6080]
"Inst"
1491
"Registers"
[0,3,17151,4,117,1531,29545,0]
"Stack"
[0,0,101,10,29545,5623,3,5445,2708,3,5445,2708,3599,3568,25978,2952,1,6124,16,6080]
"Inst"
1495
"Registers"
[0,3,17151,29549,117,1531,29545,0]
"Stack"
[0,0,101,10,29545,5623,3,5445,2708,3,5445,2708,3599,3568,25978,2952,1,6124,16,6080]
"Inst"
1498
"Registers"
[17119,3,17151,29549,117,1531,29545,0]
"Stack"
[0,0,101,10,29545,5623,3,5445,2708,3,5445,2708,3599,3568,25978,2952,1,6124,16,6080]
"Inst"
1531
"Registers"
[17119,3,17151,29549,117,1531,29545,0]
"Stack"
[1500,0,0,101,10,29545,5623,3,5445,2708,3,5445,2708,3599,3568,25978,2952,1,6124,16,6080]
"Inst"
1533
"Registers"
[17119,3,17151,29549,117,1531,29545,0]
"Stack"
[3,1500,0,0,101,10,29545,5623,3,5445,2708,3,5445,2708,3599,3568,25978,2952,1,6124,16,6080]
"Inst"
1536
"Registers"
[17119,17151,17151,29549,117,1531,29545,0]
"Stack"
[3,1500,0,0,101,10,29545,5623,3,5445,2708,3,5445,2708,3599,3568,25978,2952,1,6124,16,6080]
"Inst"
2125
"Registers"
[17119,17151,17151,29549,117,1531,29545,0]
"Stack"
[1538,3,1500,0,0,101,10,29545,5623,3,5445,2708,3,5445,2708,3599,3568,25978,2952,1,6124,16,6080]
"Inst"
2127
"Registers"
[17119,17151,17151,29549,117,1531,29545,0]
"Stack"
[17151,1538,3,1500,0,0,101,10,29545,5623,3,5445,2708,3,5445,2708,3599,3568,25978,2952,1,6124,16,6080]
"Inst"
2129
"Registers"
[17119,17151,17151,29549,117,1531,29545,0]
"Stack"
[17151,17151,1538,3,1500,0,0,101,10,29545,5623,3,5445,2708,3,5445,2708,3599,3568,25978,2952,1,6124,16,6080]
"Inst"
2133
"Registers"
[17119,17151,17119,29549,117,1531,29545,0]
"Stack"
[17151,17151,1538,3,1500,0,0,101,10,29545,5623,3,5445,2708,3,5445,2708,3599,3568,25978,2952,1,6124,16,6080]
"Inst"
2136
"Registers"
[17119,17151,15648,29549,117,1531,29545,0]
"Stack"
[17151,17151,1538,3,1500,0,0,101,10,29545,5623,3,5445,2708,3,5445,2708,3599,3568,25978,2952,1,6124,16,6080]
"Inst"
2140
"Registers"
[17151,17151,15648,29549,117,1531,29545,0]
"Stack"
[17151,17151,1538,3,1500,0,0,101,10,29545,5623,3,5445,2708,3,5445,2708,3599,3568,25978,2952,1,6124,16,6080]
"Inst"
2144
"Registers"
[32,17151,15648,29549,117,1531,29545,0]
"Stack"
[17151,17151,1538,3,1500,0,0,101,10,29545,5623,3,5445,2708,3,5445,2708,3599,3568,25978,2952,1,6124,16,6080]
"Inst"
2146
"Registers"
[32,17151,17151,29549,117,1531,29545,0]
"Stack"
[17151,1538,3,1500,0,0,101,10,29545,5623,3,5445,2708,3,5445,2708,3599,3568,25978,2952,1,6124,16,6080]
"Inst"
2148
"Registers"
[32,17151,17151,29549,117,1531,29545,0]
"Stack"
[1538,3,1500,0,0,101,10,29545,5623,3,5445,2708,3,5445,2708,3599,3568,25978,2952,1,6124,16,6080]
